7.959178537923389252e-01 8.895034826441904352e-01 2.721859490897413636e-01 9.928533751945280983e-01 6.045220056377605955e-01 9.599474676683831253e-01 4.935800031102216545e-01 2.685469262548109137e-01 2.823269437966885453e-01 7.384185004759556969e-01 8.984054256610420897e-01 1.725619871024891561e-01 2.885059108791981908e-01 6.156667297982899578e-01 4.335040665845497632e-01
4.272846022307646985e-01 6.620917918955930848e-01 6.698338319217981285e-01 9.080957432964191778e-01 8.711953703052716103e-01 7.460744250265778366e-01 9.789434578185707281e-02 3.197343254821283232e-01 3.335028470111448540e-01 5.621479352034091104e-01 6.478721162862031147e-01 9.770807478810425994e-01 1.765446472838129166e-01 1.934065932851923852e-01 3.031631742256607476e-01
6.147396803391305120e-01 5.255468348846794591e-01 9.777626038994335911e-01 8.717755102921859178e-01 2.203939118646462969e-01 9.846677010221562831e-01 6.083713644606247861e-01 4.009012425168911875e-02 2.782260205483062521e-01 8.246138881306817048e-01 6.459597652204489560e-01 9.731087221579682867e-01 4.221816294765379229e-01 8.560647618476668885e-02 4.890504668641586505e-01
9.817950662262021622e-01 6.597011094211364668e-01 8.949300764024245014e-01 1.251245802209366431e-01 2.561729893091660992e-01 3.859392596980757428e-01 9.177242144956073711e-01 2.431996242393169583e-01 3.707790633209401276e-01 1.651918809509140829e-01 7.342352291886578008e-02 2.403315117074232843e-01 7.428615118902345271e-01 5.502338107967885694e-01 2.142872096358645617e-01
6.108122817446264285e-01 7.571037786213017373e-01 7.813598788558737684e-01 8.249534059819892962e-01 4.769401393992296345e-01 2.706334454150587376e-01 7.778396776298834858e-02 6.318162401523447214e-01 1.921411753044834914e-01 2.239736053089336210e-01 7.834284052410616095e-01 5.564548488010956362e-01 3.433964227287180648e-01 9.887833580862287475e-01 5.932718064994727536e-01
5.940688808412729616e-01 4.121194932808824873e-03 3.936217555288605841e-01 2.936029550566174873e-01 3.042372853579161651e-01 1.607146355448972885e-01 4.635826737998072211e-01 9.610320110013029771e-01 6.245373367260842468e-01 8.327150076124176792e-01 7.103595256890389287e-01 9.100280609308619706e-01 4.031509793602875424e-01 3.403938124538385956e-02 4.669569848804571155e-01
5.339005913865481068e-01 1.330929155390130347e-01 7.231718890788427778e-01 9.757811252719127415e-01 3.912767450325902452e-01 6.328134515755411416e-01 8.921311230997985842e-01 6.403439453673156478e-01 8.033077747670215318e-01 7.312375135883648625e-01 7.882878866808488150e-01 5.739395291763187412e-01 2.106051448301116125e-01 7.945085605854029787e-02 7.082295406621644807e-01
2.785788249395180216e-01 8.751754473746520269e-01 8.919108508065122232e-01 7.645357890976415272e-01 6.866686072903350757e-01 5.555048770508115297e-01 3.794942550439440732e-01 3.219744586519073248e-01 2.523966580205588839e-01 6.635686043535307110e-01 5.324536079637990360e-01 2.150755611361545583e-01 2.460049209116060842e-01 3.950552594629286318e-03 6.192243912648417448e-01
2.164709992446458564e-01 3.120618923909185272e-01 5.642664842534216296e-01 7.711562767425208520e-01 1.249228925461762785e-01 9.302563989197779604e-01 2.527292216705349093e-01 9.255841254790359018e-01 2.794435925910654372e-01 2.752006034656451217e-01 4.653323113198234440e-01 8.790451534094816388e-01 8.781094190960144763e-01 3.136701118894856810e-01 1.402726709376678205e-02
1.116279638705262034e-01 7.369310158422343049e-01 5.482962114601831471e-01 3.015444517206222752e-01 5.455819423461901740e-01 1.042049031069328668e-01 7.744772081690266541e-01 5.655092772825813796e-01 3.137565004487609110e-01 2.757938741662234738e-01 2.455424673837192096e-02 1.829963926279614128e-01 4.290769407086434395e-01 5.096202788174086784e-02 9.496065198534888729e-01
4.441913006625580751e-01 4.543649943341467878e-01 8.868226288371967581e-01 8.787139962354986178e-01 4.742746796468030324e-01 6.195359525731547468e-02 4.017769700761864016e-02 5.252756496436803424e-01 6.665832351145253298e-01 5.313526231403782329e-01 1.724180202099334647e-01 3.570007413572250377e-01 7.890626756806693454e-01 2.400231999443366293e-01 6.150541144205605715e-01
3.732787410249099880e-01 5.320271676519358062e-01 3.718594717658536553e-01 8.612183558740160727e-02 4.072395501679314522e-01 8.733681760349837342e-01 9.076345944144141864e-01 2.932091160049565826e-02 1.871325516899536856e-01 9.471108350229848760e-01 4.569898411976598407e-01 9.387444847137509374e-01 5.570050612942214485e-01 6.066999826737683454e-01 1.953613024086742200e-02
5.498335799086692122e-01 2.241910024792492795e-01 8.911188738183428715e-02 6.063826965684186998e-01 4.335023088246469092e-01 3.369372795115375130e-01 4.570226509176394947e-01 7.412139691629338056e-01 9.055818274981746185e-01 6.984317818059885274e-01 8.101404886790020132e-01 6.035933341190908852e-01 5.671333695437587030e-01 1.349523849791909313e-01 2.559666795732449263e-01
4.872204655678010754e-01 7.366636790201698259e-01 7.527291678022581811e-01 9.881157441626764459e-02 4.586755858264527363e-01 2.720196468823677938e-01 8.241747980952396357e-02 5.003969640120975448e-01 6.046898887387408550e-04 1.374074017344794063e-01 2.511331212678824532e-02 9.605370648212538942e-01 1.654837954802461653e-01 8.984505568108553941e-01 8.946983024470308576e-01
7.755290632506555148e-01 5.862783569576750509e-01 8.385660123699207880e-01 5.473238177410337801e-01 3.901258340910207512e-01 7.486030321865821957e-02 8.124468329062353167e-01 4.463799517328431721e-01 6.889094971884225371e-01 1.335869911640373831e-01 6.308173905924191471e-01 1.573570535534491999e-01 2.324449964994391715e-01 6.313018134089160016e-01 9.432789408702387801e-01
3.053024694983954568e-01 7.652919438844874023e-02 1.263768357879401227e-01 8.674070420925864555e-01 7.377812241942020011e-01 4.473392361477183110e-01 8.349986737140772108e-01 4.520890380240576434e-01 3.352224459704854498e-01 4.933760085510878746e-01 6.992656456701038525e-01 1.137133536123746680e-01 1.623035160338376359e-01 8.179769707181285820e-01 4.056124165753438593e-01
