3.376831170595095966e-02 1.435825774761042561e-01 2.826896298066775559e-01
8.806985290716989878e-01 8.122134059052055211e-01 4.293108470058469850e-01
9.454115489524983484e-02 8.071857942294485833e-01 6.297294333386982412e-01
5.281924990240777218e-01 2.048999233301936895e-01 7.122658236594208159e-01
8.247748140196765609e-01 7.424402826659439736e-01 3.135150221252029912e-01
8.759049829731661019e-01 5.396796908575529628e-01 9.144444382763873280e-01
9.319808310046725497e-01 7.759037371098674862e-01 2.454686138525874473e-02
4.564363958984131164e-01 4.135153762789040011e-01 6.243007300449171515e-01
8.650013411549029030e-01 5.689256451948891957e-01 2.102614452420216162e-01
9.182747215630904236e-02 8.670834454765160570e-01 4.197348787758988786e-01
1.179112382341085397e-02 9.959021485492293158e-01 3.689659889280286764e-01
2.455842381037555144e-01 8.343066217007358842e-01 5.036672309492842281e-01
5.504170058842259294e-01 1.092727449849320021e-01 2.614026276085049671e-01
4.141638831577166835e-01 2.104487910746299928e-01 9.789602127844809765e-02
4.634110407502588513e-01 3.981092272277999555e-01 1.999685123924218599e-01
8.908146675701286155e-01 5.452562371965570254e-01 3.957598459545887959e-01
3.757653705609955708e-01 1.852493065830110863e-01 7.121170677897289414e-01
3.728190862701615815e-01 2.795524902529271660e-01 6.928915234434271930e-01
7.604615647117463073e-01 8.164811070593931408e-01 7.386775404702939918e-01
5.004180659365364825e-01 4.840937977817073579e-01 9.466167859787760763e-01
