7.665910411849718997e-01 1.261245087665041620e-01 4.540526065512282550e-01
3.347203862828496135e-03 3.521223972441235306e-01 3.355694901879979763e-01
8.187386589519118907e-02 3.917203705185317020e-01 9.464983889014063623e-01
7.671326555506374767e-01 6.215126751768288438e-01 5.753997997090962713e-01
3.456225929769297656e-01 6.617796705191344442e-01 6.076148081381254062e-01
6.558308374627058734e-01 3.822180634267369204e-02 3.012957069972784785e-01
8.976824415711071037e-01 7.787952929879361497e-01 7.044457280393813248e-01
5.915910863372572104e-01 2.003272507194869823e-01 9.592422094681926081e-01
7.774155145107930487e-02 2.199100112033046672e-01 4.369688344873601249e-01
5.928803137814543378e-01 2.040685275436036061e-01 1.273461340517481055e-01
7.389775495736565780e-01 2.516797556851246842e-01 2.111321975991533595e-01
8.328855336539903176e-01 1.595866075024388042e-01 8.982941387895244656e-01
5.954083959841214302e-01 1.016833197988823434e-01 6.021526873635774102e-02
7.474423381070641748e-01 4.185304697389592432e-01 5.985871975413182833e-01
2.049274365270465914e-01 6.742564425533892347e-02 1.818608702906185925e-01
7.507305770801511180e-01 5.517780064024822018e-01 4.263324639067652688e-01
7.465439007187276710e-01 1.304359815181680426e-01 8.583213480935524275e-01
9.876808281401948664e-01 4.660006676090572286e-01 5.933747324320811645e-01
2.235515721316068127e-01 1.327402512559267000e-01 7.689131749404768401e-01
6.623384626739192704e-02 9.144980463202775356e-01 4.788074879657778782e-01
9.690905146573547402e-01 5.609570684175583244e-01 4.754806274863181415e-01
3.422984280162107984e-01 7.233832591088602548e-01 8.921266375494759648e-01
7.887700548351568308e-01 6.188261187524407569e-01 9.384107648222959064e-01
1.293933270492194643e-01 6.020055235431081009e-01 9.634983398657049891e-01
5.210762971843484470e-01 8.833682140166857488e-01 7.177778050514203034e-01
3.158339617400217625e-01 9.431662348311797839e-02 5.513364305088584993e-01
2.445558180258211589e-02 6.146915593919377585e-01 9.576707276944051994e-02
3.067026884824236577e-01 4.306022674739373723e-02 2.066881448285817768e-03
4.655233522116283273e-01 2.378305873872185172e-01 2.519093415796703761e-01
8.926451063293869836e-01 7.268253993050158845e-01 2.023566915815311340e-02
5.232696959821153682e-01 4.878066586522766812e-01 4.264538712654003527e-01
7.021323192530153356e-01 4.974072534704080395e-01 8.858691200766932727e-01
3.415983690814039520e-01 2.071720723338497105e-01 9.422802463552627517e-01
2.920520497965458651e-01 6.178649632215096332e-01 6.852503124952109559e-01
8.988302066209696850e-02 1.212883953073479182e-01 3.122122301519437704e-01
6.830664935735792920e-01 8.505391013247279863e-01 6.543527280600435203e-01
2.481696178970778099e-01 6.878274647092093019e-01 9.828088518075321911e-01
4.829718386736735480e-01 5.946634173874976170e-02 1.481040374944861959e-01
4.162505472854982624e-01 9.317171907444325996e-01 7.287386459103879499e-01
8.541096883495291614e-02 1.970992298619451688e-01 7.838478130789755527e-01
8.469365633213233879e-01 4.004735975291701111e-01 3.076726646055147896e-01
6.026589493416401044e-02 5.324556100945252446e-01 4.792833637692941462e-01
4.142027523476898843e-01 9.598238381729172763e-01 7.989013718794013563e-03
1.819491040866980658e-01 9.855157415389643738e-01 5.086138324083899764e-02
6.672635002038206364e-01 9.762929984082540091e-01 9.800162002468476574e-01
8.649720034579235772e-01 5.781851127530064360e-01 5.066068924388797967e-01
7.329770593715252414e-01 2.599361595648930212e-02 9.683744765484367800e-01
7.798084094250875564e-01 1.439853523635655774e-01 4.417364532849544778e-01
8.938021222358194517e-02 2.516306640122513150e-01 3.381011574892381910e-01
2.134235612868733423e-01 5.611437916063377607e-01 4.931494503650853956e-01
1.288616891364631201e-01 6.767881693118942277e-01 4.401236101931161881e-01
2.113334127904568094e-01 3.613945280201741328e-01 8.780903757622989803e-01
5.546453297232708524e-01 1.189321040092191639e-01 8.784221172352694174e-01
1.763440080340373806e-01 4.910426945266511689e-01 5.106058709920541228e-01
5.030512956981503248e-02 2.627987694811653174e-01 9.298901795993084196e-01
4.901792519063942200e-01 3.692797607723642406e-01 8.844099995499010713e-02
3.235479890088436283e-01 2.743167433667733635e-01 1.930148056326147499e-01
7.281878789776409233e-01 5.242152458968978301e-01 1.159571892941585469e-01
5.037487707505265977e-01 4.633866256447540799e-01 8.320362536584848812e-01
5.660966689651301120e-01 6.131781729603824616e-03 4.627638671250720037e-01
9.371393590409534680e-01 1.573294237496031256e-01 1.404218255653943981e-01
3.103212309650194012e-02 5.352819993262764031e-01 2.583454194989831532e-02
9.017521260080528789e-01 3.164495106207679820e-01 5.081740751807690692e-01
7.205074037314403990e-01 4.688915886243555375e-01 4.362060734377655180e-01
8.457471693386920952e-01 8.753983615608937896e-01 9.350322565804314312e-02
1.511027785069757323e-01 1.946810352295901270e-01 9.618314220769553780e-01
4.320926991245229720e-01 2.513312184531528715e-01 6.790428520354436781e-01
8.748516555002119333e-01 5.204157065123069525e-01 6.612357719596281269e-01
7.863360818083724446e-01 1.721401630226204738e-01 3.873139351352030690e-01
2.388285791340960529e-02 3.447588591655524892e-01 1.374061703672987411e-01
7.206732643819556694e-01 5.656285322125653714e-01 8.274998811793060627e-01
2.436095497549674027e-01 6.323731235660057237e-01 2.301183344759469840e-01
2.454119842559570053e-01 4.179092147734450036e-01 1.338537031876333439e-01
9.842231415263114069e-02 6.907281232038231522e-01 3.453997743903332029e-01
3.062375865093253102e-01 4.430916059803209350e-01 7.417531360225245729e-01
8.859079673952551248e-01 4.774315997998240801e-01 5.367373098293528599e-01
1.972064869511892526e-01 4.975487689698029348e-01 6.636511984409443343e-02
2.154063631806174550e-01 8.795734114230412404e-01 8.903135166733977535e-02
1.451952126755358119e-01 5.773082023072160229e-01 2.165322985848087134e-01
5.682922710513220732e-01 2.924106309454577168e-01 1.829110405538313389e-01
4.295797036549843240e-01 5.135077221606536568e-01 6.037190914658688845e-01
9.298508580098959753e-01 4.817148185099418001e-01 4.031070568453084535e-01
7.770396875472673770e-02 8.234446393025213196e-01 2.384124698629755956e-01
3.677734921821297354e-01 3.280963605483644407e-01 8.995488059513909729e-01
8.673847709939472850e-01 6.898965793812303904e-01 2.000830919666346519e-01
7.604291729626577734e-01 6.494948901921973050e-01 1.505212811976016640e-01
2.158423342254394139e-01 4.067167900518761092e-01 9.471069787207894164e-01
7.304063555402281471e-01 7.463992113806178219e-01 8.922406184595924605e-01
5.604054362442527637e-01 7.719033248486195653e-02 6.947785666215570144e-01
3.533830159362782997e-02 1.855942667451917494e-01 6.720398671802406687e-01
3.820388206804540276e-01 6.999814367073626808e-01 2.790545950749497850e-01
4.284873478456063811e-02 7.419544050772820531e-01 6.354765976752130285e-01
5.678759564631983281e-01 6.290620242684734631e-01 5.051352171779894817e-01
2.278888646456803668e-01 6.755029322502281719e-02 2.832635404080451336e-01
5.669498822978740193e-01 4.655316064189731762e-01 5.252057578252196102e-01
9.802535160756572497e-01 6.634858344422853715e-01 3.877768631542788391e-02
2.312792160134473640e-01 4.351216914672138003e-01 2.399990217641284618e-01
7.865083536494681393e-01 7.209228308273025743e-01 1.857817598489919231e-02
3.025151465462517786e-01 8.488504933147247300e-01 1.414554172129434129e-03
7.991860581189080825e-01 4.404397235485200124e-01 8.762035374738330606e-02
